Numero Infectados,Porcentaje Infectados,Promedio Infectados,Numero Susceptibles,Porcentaje Susceptibles,Promedio Susceptibles,Numero Resistentes,Porcentaje Resistentes,Promedio Resistentes
10,0.1,10,90,0.9,90,0,0,0
13,0.13,13,87,0.87,87,0,0,0
15,0.15,14,85,0.85,86,0,0,0
22,0.22,16.7,78,0.78,83.3,0,0,0
28,0.28,19.5,72,0.72,80.5,0,0,0
34,0.34,22.4,66,0.66,77.6,0,0,0
41,0.41,25.5,59,0.59,74.5,0,0,0
46,0.46,28.4,54,0.54,71.6,0,0,0
51,0.51,31.3,49,0.49,68.8,0,0,0
54,0.54,33.8,46,0.46,66.2,0,0,0
53,0.53,35.7,47,0.47,64.3,0,0,0
60,0.6,37.9,40,0.4,62.1,0,0,0
66,0.66,40.3,34,0.34,59.8,0,0,0
74,0.74,42.8,26,0.26,57.2,0,0,0
77,0.77,45.3,23,0.23,54.7,0,0,0
82,0.82,47.7,18,0.18,52.3,0,0,0
84,0.84,50,16,0.16,50,0,0,0
84,0.84,52,16,0.16,48,0,0,0
87,0.87,53.9,13,0.13,46.1,0,0,0
86,0.86,55.6,14,0.14,44.4,0,0,0
90,0.9,57.4,10,0.1,42.6,0,0,0
93,0.93,59,7,0.07,41,0,0,0
95,0.95,60.7,5,0.05,39.3,0,0,0
95,0.95,62.2,5,0.05,37.8,0,0,0
95,0.95,63.5,5,0.05,36.5,0,0,0
94,0.94,64.8,6,0.06,35.2,0,0,0
95,0.95,65.9,5,0.05,34.1,0,0,0
95,0.95,67,5,0.05,33,0,0,0
93,0.93,67.9,7,0.07,32.1,0,0,0
97,0.97,68.9,3,0.03,31.1,0,0,0
97,0.97,69.9,3,0.03,30.1,0,0,0
96,0.96,70.7,4,0.04,29.3,0,0,0
96,0.96,71.5,4,0.04,28.5,0,0,0
96,0.96,72.2,4,0.04,27.8,0,0,0
94,0.94,72.9,6,0.06,27.1,0,0,0
94,0.94,73.5,6,0.06,26.5,0,0,0
94,0.94,74.1,6,0.06,25.9,0,0,0
92,0.92,74.5,8,0.08,25.5,0,0,0
93,0.93,75,7,0.07,25,0,0,0
94,0.94,75.5,6,0.06,24.5,0,0,0
92,0.92,75.9,8,0.08,24.1,0,0,0
92,0.92,76.3,8,0.08,23.7,0,0,0
96,0.96,76.8,4,0.04,23.2,0,0,0
94,0.94,77.2,6,0.06,22.8,0,0,0
95,0.95,77.6,5,0.05,22.4,0,0,0
96,0.96,78,4,0.04,22,0,0,0
95,0.95,78.4,5,0.05,21.6,0,0,0
96,0.96,78.7,4,0.04,21.3,0,0,0
98,0.98,79.1,2,0.02,20.9,0,0,0
97,0.97,79.5,3,0.03,20.5,0,0,0
97,0.97,79.9,3,0.03,20.1,0,0,0
97,0.97,80.2,3,0.03,19.8,0,0,0
97,0.97,80.5,3,0.03,19.5,0,0,0
97,0.97,80.8,3,0.03,19.2,0,0,0
98,0.98,81.1,2,0.02,18.9,0,0,0
95,0.95,81.4,5,0.05,18.6,0,0,0
97,0.97,81.7,3,0.03,18.3,0,0,0
97,0.97,81.9,3,0.03,18.1,0,0,0
96,0.96,82.2,4,0.04,17.8,0,0,0
96,0.96,82.4,4,0.04,17.6,0,0,0
96,0.96,82.7,4,0.04,17.4,0,0,0
92,0.92,82.8,8,0.08,17.2,0,0,0
93,0.93,83,7,0.07,17,0,0,0
94,0.94,83.1,6,0.06,16.9,0,0,0
96,0.96,83.3,4,0.04,16.7,0,0,0
96,0.96,83.5,4,0.04,16.5,0,0,0
97,0.97,83.7,3,0.03,16.3,0,0,0
94,0.94,83.9,6,0.06,16.1,0,0,0
96,0.96,84.1,4,0.04,15.9,0,0,0
97,0.97,84.3,3,0.03,15.7,0,0,0
92,0.92,84.4,7,0.07,15.6,1,0.01,0.0143
93,0.93,84.5,6,0.06,15.5,1,0.01,0.0282
95,0.95,84.6,4,0.04,15.3,1,0.01,0.0417
93,0.93,84.8,6,0.06,15.2,1,0.01,0.0548
95,0.95,84.9,4,0.04,15,1,0.01,0.0676
95,0.95,85,4,0.04,14.9,1,0.01,0.08
91,0.91,85.1,7,0.07,14.8,2,0.02,0.105
94,0.94,85.2,4,0.04,14.6,2,0.02,0.13
95,0.95,85.3,3,0.03,14.5,2,0.02,0.154
94,0.94,85.5,4,0.04,14.4,2,0.02,0.177
95,0.95,85.6,3,0.03,14.2,2,0.02,0.2
96,0.96,85.7,2,0.02,14.1,2,0.02,0.222
94,0.94,85.8,4,0.04,14,2,0.02,0.244
95,0.95,85.9,3,0.03,13.8,2,0.02,0.265
96,0.96,86,2,0.02,13.7,2,0.02,0.286
94,0.94,86.1,4,0.04,13.6,2,0.02,0.306
94,0.94,86.2,4,0.04,13.5,2,0.02,0.326
94,0.94,86.3,4,0.04,13.3,2,0.02,0.345
94,0.94,86.4,4,0.04,13.2,2,0.02,0.364
94,0.94,86.5,4,0.04,13.1,2,0.02,0.382
94,0.94,86.6,4,0.04,13,2,0.02,0.4
93,0.93,86.6,5,0.05,12.9,2,0.02,0.418
93,0.93,86.7,5,0.05,12.9,2,0.02,0.435
95,0.95,86.8,3,0.03,12.8,2,0.02,0.452
93,0.93,86.9,5,0.05,12.7,2,0.02,0.468
93,0.93,86.9,5,0.05,12.6,2,0.02,0.484
94,0.94,87,4,0.04,12.5,2,0.02,0.5
92,0.92,87.1,6,0.06,12.4,2,0.02,0.515
93,0.93,87.1,5,0.05,12.4,2,0.02,0.531
93,0.93,87.2,5,0.05,12.3,2,0.02,0.545
90,0.9,87.2,8,0.08,12.2,2,0.02,0.56
90,0.9,87.2,8,0.08,12.2,2,0.02,0.574
92,0.92,87.3,6,0.06,12.1,2,0.02,0.588
91,0.91,87.3,7,0.07,12.1,2,0.02,0.602
91,0.91,87.3,7,0.07,12,2,0.02,0.615
92,0.92,87.4,6,0.06,12,2,0.02,0.629
89,0.89,87.4,9,0.09,12,2,0.02,0.642
91,0.91,87.4,7,0.07,11.9,2,0.02,0.654
92,0.92,87.5,6,0.06,11.9,2,0.02,0.667
89,0.89,87.5,9,0.09,11.8,2,0.02,0.679
90,0.9,87.5,8,0.08,11.8,2,0.02,0.691
91,0.91,87.5,7,0.07,11.7,2,0.02,0.703
89,0.89,87.6,9,0.09,11.7,2,0.02,0.714
89,0.89,87.6,9,0.09,11.7,2,0.02,0.726
90,0.9,87.6,8,0.08,11.7,2,0.02,0.737
87,0.87,87.6,11,0.11,11.7,2,0.02,0.748
92,0.92,87.6,6,0.06,11.6,2,0.02,0.759
93,0.93,87.7,5,0.05,11.6,2,0.02,0.769
89,0.89,87.7,9,0.09,11.5,2,0.02,0.78
90,0.9,87.7,8,0.08,11.5,2,0.02,0.79
91,0.91,87.7,7,0.07,11.5,2,0.02,0.8
87,0.87,87.7,10,0.1,11.5,3,0.03,0.818
90,0.9,87.7,7,0.07,11.4,3,0.03,0.836
92,0.92,87.8,5,0.05,11.4,3,0.03,0.854
89,0.89,87.8,8,0.08,11.3,3,0.03,0.871
90,0.9,87.8,7,0.07,11.3,3,0.03,0.888
90,0.9,87.8,7,0.07,11.3,3,0.03,0.905
90,0.9,87.8,7,0.07,11.2,3,0.03,0.921
91,0.91,87.9,6,0.06,11.2,3,0.03,0.938
91,0.91,87.9,6,0.06,11.2,3,0.03,0.953
90,0.9,87.9,6,0.06,11.1,4,0.04,0.977
90,0.9,87.9,6,0.06,11.1,4,0.04,1
90,0.9,87.9,6,0.06,11,4,0.04,1.02
91,0.91,88,5,0.05,11,4,0.04,1.05
91,0.91,88,5,0.05,10.9,4,0.04,1.07
92,0.92,88,4,0.04,10.9,4,0.04,1.09
90,0.9,88,6,0.06,10.9,4,0.04,1.11
91,0.91,88.1,5,0.05,10.8,4,0.04,1.13
91,0.91,88.1,5,0.05,10.8,4,0.04,1.15
91,0.91,88.1,5,0.05,10.7,4,0.04,1.17
91,0.91,88.1,5,0.05,10.7,4,0.04,1.19
91,0.91,88.1,5,0.05,10.7,4,0.04,1.21
88,0.88,88.1,8,0.08,10.6,4,0.04,1.23
90,0.9,88.1,6,0.06,10.6,4,0.04,1.25
91,0.91,88.2,5,0.05,10.6,4,0.04,1.27
89,0.89,88.2,6,0.06,10.5,5,0.05,1.3
89,0.89,88.2,6,0.06,10.5,5,0.05,1.32
90,0.9,88.2,5,0.05,10.5,5,0.05,1.35
89,0.89,88.2,4,0.04,10.4,7,0.07,1.39
90,0.9,88.2,3,0.03,10.4,7,0.07,1.42
91,0.91,88.2,2,0.02,10.3,7,0.07,1.46
89,0.89,88.2,4,0.04,10.3,7,0.07,1.5
90,0.9,88.2,3,0.03,10.2,7,0.07,1.53
90,0.9,88.3,3,0.03,10.2,7,0.07,1.57
85,0.85,88.2,8,0.08,10.2,7,0.07,1.6
86,0.86,88.2,7,0.07,10.1,7,0.07,1.64
87,0.87,88.2,6,0.06,10.1,7,0.07,1.67
84,0.84,88.2,9,0.09,10.1,7,0.07,1.71
87,0.87,88.2,6,0.06,10.1,7,0.07,1.74
87,0.87,88.2,6,0.06,10.1,7,0.07,1.77
84,0.84,88.1,9,0.09,10.1,7,0.07,1.81
87,0.87,88.1,6,0.06,10,7,0.07,1.84
89,0.89,88.1,4,0.04,9.99,7,0.07,1.87
89,0.89,88.1,4,0.04,9.95,7,0.07,1.9
89,0.89,88.2,4,0.04,9.91,7,0.07,1.93
90,0.9,88.2,3,0.03,9.87,7,0.07,1.96
88,0.88,88.2,5,0.05,9.84,7,0.07,1.99
89,0.89,88.2,4,0.04,9.81,7,0.07,2.02
89,0.89,88.2,4,0.04,9.77,7,0.07,2.05
90,0.9,88.2,3,0.03,9.73,7,0.07,2.08
90,0.9,88.2,3,0.03,9.69,7,0.07,2.11
91,0.91,88.2,2,0.02,9.65,7,0.07,2.14
87,0.87,88.2,6,0.06,9.63,7,0.07,2.17
88,0.88,88.2,5,0.05,9.6,7,0.07,2.2
88,0.88,88.2,5,0.05,9.57,7,0.07,2.22
82,0.82,88.2,10,0.1,9.58,8,0.08,2.26
84,0.84,88.1,8,0.08,9.57,8,0.08,2.29
86,0.86,88.1,6,0.06,9.55,8,0.08,2.32
87,0.87,88.1,5,0.05,9.52,8,0.08,2.35
89,0.89,88.1,3,0.03,9.49,8,0.08,2.39
89,0.89,88.1,3,0.03,9.45,8,0.08,2.42
87,0.87,88.1,5,0.05,9.43,8,0.08,2.45
87,0.87,88.1,5,0.05,9.4,8,0.08,2.48
87,0.87,88.1,5,0.05,9.38,8,0.08,2.51
85,0.85,88.1,7,0.07,9.36,8,0.08,2.54
87,0.87,88.1,5,0.05,9.34,8,0.08,2.57
88,0.88,88.1,4,0.04,9.31,8,0.08,2.6
85,0.85,88.1,7,0.07,9.3,8,0.08,2.63
87,0.87,88.1,5,0.05,9.28,8,0.08,2.65
89,0.89,88.1,3,0.03,9.24,8,0.08,2.68
87,0.87,88.1,5,0.05,9.22,8,0.08,2.71
88,0.88,88.1,4,0.04,9.19,8,0.08,2.74
89,0.89,88.1,3,0.03,9.16,8,0.08,2.77
87,0.87,88.1,5,0.05,9.14,8,0.08,2.79
87,0.87,88.1,5,0.05,9.12,8,0.08,2.82
87,0.87,88.1,5,0.05,9.1,8,0.08,2.85
85,0.85,88,7,0.07,9.09,8,0.08,2.87
87,0.87,88,5,0.05,9.07,8,0.08,2.9
87,0.87,88,5,0.05,9.05,8,0.08,2.92
88,0.88,88,4,0.04,9.02,8,0.08,2.95
88,0.88,88,4,0.04,8.99,8,0.08,2.98
88,0.88,88,4,0.04,8.97,8,0.08,3
84,0.84,88,8,0.08,8.97,8,0.08,3.02
85,0.85,88,7,0.07,8.96,8,0.08,3.05
85,0.85,88,7,0.07,8.95,8,0.08,3.07
85,0.85,88,7,0.07,8.94,8,0.08,3.1
88,0.88,88,4,0.04,8.91,8,0.08,3.12
89,0.89,88,3,0.03,8.88,8,0.08,3.14
88,0.88,88,4,0.04,8.86,8,0.08,3.17
88,0.88,88,4,0.04,8.84,8,0.08,3.19
89,0.89,88,3,0.03,8.81,8,0.08,3.21
88,0.88,88,4,0.04,8.79,8,0.08,3.24
89,0.89,88,3,0.03,8.76,8,0.08,3.26
89,0.89,88,3,0.03,8.73,8,0.08,3.28
87,0.87,88,5,0.05,8.71,8,0.08,3.3
87,0.87,88,5,0.05,8.7,8,0.08,3.33
87,0.87,88,5,0.05,8.68,8,0.08,3.35
84,0.84,88,7,0.07,8.67,9,0.09,3.37
85,0.85,87.9,6,0.06,8.66,9,0.09,3.4
86,0.86,87.9,5,0.05,8.64,9,0.09,3.42
81,0.81,87.9,10,0.1,8.65,9,0.09,3.45
81,0.81,87.9,10,0.1,8.66,9,0.09,3.48
84,0.84,87.9,7,0.07,8.65,9,0.09,3.5
84,0.84,87.8,7,0.07,8.64,9,0.09,3.52
86,0.86,87.8,5,0.05,8.63,9,0.09,3.55
88,0.88,87.8,3,0.03,8.6,9,0.09,3.57
84,0.84,87.8,7,0.07,8.59,9,0.09,3.6
86,0.86,87.8,5,0.05,8.58,9,0.09,3.62
87,0.87,87.8,4,0.04,8.56,9,0.09,3.64
85,0.85,87.8,6,0.06,8.55,9,0.09,3.67
86,0.86,87.8,5,0.05,8.53,9,0.09,3.69
87,0.87,87.8,4,0.04,8.51,9,0.09,3.71
83,0.83,87.8,8,0.08,8.51,9,0.09,3.74
83,0.83,87.7,8,0.08,8.51,9,0.09,3.76
83,0.83,87.7,8,0.08,8.5,9,0.09,3.78
84,0.84,87.7,7,0.07,8.5,9,0.09,3.8
86,0.86,87.7,5,0.05,8.48,9,0.09,3.83
86,0.86,87.7,5,0.05,8.47,9,0.09,3.85
86,0.86,87.7,5,0.05,8.45,9,0.09,3.87
86,0.86,87.7,5,0.05,8.44,9,0.09,3.89
86,0.86,87.7,5,0.05,8.43,9,0.09,3.91
85,0.85,87.7,6,0.06,8.41,9,0.09,3.93
88,0.88,87.7,3,0.03,8.39,9,0.09,3.95
88,0.88,87.7,3,0.03,8.37,9,0.09,3.98
88,0.88,87.7,3,0.03,8.35,9,0.09,4
90,0.9,87.7,1,0.01,8.32,9,0.09,4.02
90,0.9,87.7,1,0.01,8.29,9,0.09,4.04
90,0.9,87.7,1,0.01,8.26,9,0.09,4.06
90,0.9,87.7,1,0.01,8.23,9,0.09,4.08
90,0.9,87.7,1,0.01,8.2,9,0.09,4.1
86,0.86,87.7,5,0.05,8.19,9,0.09,4.12
87,0.87,87.7,4,0.04,8.17,9,0.09,4.14
87,0.87,87.7,4,0.04,8.15,9,0.09,4.15
85,0.85,87.7,6,0.06,8.15,9,0.09,4.17
86,0.86,87.7,5,0.05,8.13,9,0.09,4.19
86,0.86,87.7,5,0.05,8.12,9,0.09,4.21
86,0.86,87.7,5,0.05,8.11,9,0.09,4.23
86,0.86,87.7,5,0.05,8.1,9,0.09,4.25
88,0.88,87.7,3,0.03,8.08,9,0.09,4.27
89,0.89,87.7,2,0.02,8.05,9,0.09,4.29
89,0.89,87.7,2,0.02,8.03,9,0.09,4.3
89,0.89,87.7,2,0.02,8.01,9,0.09,4.32
85,0.85,87.7,6,0.06,8,9,0.09,4.34
87,0.87,87.7,4,0.04,7.98,9,0.09,4.36
87,0.87,87.7,4,0.04,7.97,9,0.09,4.38
86,0.86,87.6,5,0.05,7.96,9,0.09,4.39
87,0.87,87.6,4,0.04,7.94,9,0.09,4.41
88,0.88,87.6,3,0.03,7.93,9,0.09,4.43
86,0.86,87.6,5,0.05,7.91,9,0.09,4.44
86,0.86,87.6,5,0.05,7.9,9,0.09,4.46
86,0.86,87.6,5,0.05,7.89,9,0.09,4.48
83,0.83,87.6,8,0.08,7.89,9,0.09,4.49
84,0.84,87.6,7,0.07,7.89,9,0.09,4.51
88,0.88,87.6,3,0.03,7.87,9,0.09,4.53
86,0.86,87.6,5,0.05,7.86,9,0.09,4.54
87,0.87,87.6,4,0.04,7.85,9,0.09,4.56
88,0.88,87.6,3,0.03,7.83,9,0.09,4.58
84,0.84,87.6,7,0.07,7.83,9,0.09,4.59
87,0.87,87.6,4,0.04,7.81,9,0.09,4.61
87,0.87,87.6,4,0.04,7.8,9,0.09,4.62
83,0.83,87.6,8,0.08,7.8,9,0.09,4.64
85,0.85,87.6,6,0.06,7.79,9,0.09,4.65
87,0.87,87.5,4,0.04,7.78,9,0.09,4.67
85,0.85,87.5,6,0.06,7.77,9,0.09,4.69
87,0.87,87.5,4,0.04,7.76,9,0.09,4.7
87,0.87,87.5,4,0.04,7.75,9,0.09,4.72
86,0.86,87.5,5,0.05,7.74,9,0.09,4.73
87,0.87,87.5,4,0.04,7.72,9,0.09,4.75
88,0.88,87.5,3,0.03,7.71,9,0.09,4.76
86,0.86,87.5,5,0.05,7.7,9,0.09,4.78
88,0.88,87.5,3,0.03,7.68,9,0.09,4.79
90,0.9,87.5,1,0.01,7.66,9,0.09,4.8
86,0.86,87.5,5,0.05,7.65,9,0.09,4.82
87,0.87,87.5,4,0.04,7.64,9,0.09,4.83
87,0.87,87.5,4,0.04,7.63,9,0.09,4.85
84,0.84,87.5,7,0.07,7.62,9,0.09,4.86
86,0.86,87.5,5,0.05,7.61,9,0.09,4.88
87,0.87,87.5,4,0.04,7.6,9,0.09,4.89
85,0.85,87.5,6,0.06,7.6,9,0.09,4.9
87,0.87,87.5,4,0.04,7.59,9,0.09,4.92
87,0.87,87.5,4,0.04,7.57,9,0.09,4.93
85,0.85,87.5,6,0.06,7.57,9,0.09,4.94
85,0.85,87.5,6,0.06,7.56,9,0.09,4.96
86,0.86,87.5,5,0.05,7.55,9,0.09,4.97
84,0.84,87.5,6,0.06,7.55,10,0.1,4.99
86,0.86,87.5,4,0.04,7.54,10,0.1,5
86,0.86,87.5,4,0.04,7.53,10,0.1,5.02
85,0.85,87.4,5,0.05,7.52,10,0.1,5.04
85,0.85,87.4,5,0.05,7.51,10,0.1,5.05
85,0.85,87.4,5,0.05,7.5,10,0.1,5.07
87,0.87,87.4,3,0.03,7.49,10,0.1,5.08
89,0.89,87.4,1,0.01,7.47,10,0.1,5.1
89,0.89,87.4,1,0.01,7.45,10,0.1,5.12
86,0.86,87.4,4,0.04,7.43,10,0.1,5.13
86,0.86,87.4,4,0.04,7.42,10,0.1,5.15
86,0.86,87.4,4,0.04,7.41,10,0.1,5.16
83,0.83,87.4,7,0.07,7.41,10,0.1,5.18
84,0.84,87.4,6,0.06,7.41,10,0.1,5.19
84,0.84,87.4,6,0.06,7.4,10,0.1,5.21
85,0.85,87.4,5,0.05,7.39,10,0.1,5.22
85,0.85,87.4,5,0.05,7.39,10,0.1,5.24
87,0.87,87.4,3,0.03,7.37,10,0.1,5.25
84,0.84,87.4,6,0.06,7.37,10,0.1,5.27
85,0.85,87.4,5,0.05,7.36,10,0.1,5.28
86,0.86,87.4,4,0.04,7.35,10,0.1,5.3
85,0.85,87.3,5,0.05,7.34,10,0.1,5.31
85,0.85,87.3,5,0.05,7.34,10,0.1,5.33
86,0.86,87.3,4,0.04,7.33,10,0.1,5.34
83,0.83,87.3,7,0.07,7.33,10,0.1,5.35
86,0.86,87.3,4,0.04,7.32,10,0.1,5.37
86,0.86,87.3,4,0.04,7.31,10,0.1,5.38
82,0.82,87.3,8,0.08,7.31,10,0.1,5.4
84,0.84,87.3,6,0.06,7.3,10,0.1,5.41
84,0.84,87.3,6,0.06,7.3,10,0.1,5.42
83,0.83,87.3,7,0.07,7.3,10,0.1,5.44
83,0.83,87.3,7,0.07,7.3,10,0.1,5.45
85,0.85,87.2,5,0.05,7.29,10,0.1,5.46
83,0.83,87.2,7,0.07,7.29,10,0.1,5.48
85,0.85,87.2,5,0.05,7.28,10,0.1,5.49
86,0.86,87.2,4,0.04,7.27,10,0.1,5.5
86,0.86,87.2,4,0.04,7.26,10,0.1,5.52
86,0.86,87.2,4,0.04,7.26,10,0.1,5.53
87,0.87,87.2,3,0.03,7.24,10,0.1,5.54
86,0.86,87.2,4,0.04,7.23,10,0.1,5.56
87,0.87,87.2,3,0.03,7.22,10,0.1,5.57
87,0.87,87.2,3,0.03,7.21,10,0.1,5.58
87,0.87,87.2,3,0.03,7.2,10,0.1,5.6
87,0.87,87.2,3,0.03,7.18,10,0.1,5.61
87,0.87,87.2,3,0.03,7.17,10,0.1,5.62
83,0.83,87.2,7,0.07,7.17,10,0.1,5.63
87,0.87,87.2,3,0.03,7.16,10,0.1,5.65
87,0.87,87.2,3,0.03,7.15,10,0.1,5.66
82,0.82,87.2,8,0.08,7.15,10,0.1,5.67
86,0.86,87.2,4,0.04,7.14,10,0.1,5.68
87,0.87,87.2,3,0.03,7.13,10,0.1,5.69
83,0.83,87.2,7,0.07,7.13,10,0.1,5.71
85,0.85,87.2,5,0.05,7.12,10,0.1,5.72
86,0.86,87.2,4,0.04,7.11,10,0.1,5.73
84,0.84,87.1,6,0.06,7.11,10,0.1,5.74
85,0.85,87.1,5,0.05,7.11,10,0.1,5.75
87,0.87,87.1,3,0.03,7.09,10,0.1,5.77
86,0.86,87.1,4,0.04,7.09,10,0.1,5.78
86,0.86,87.1,4,0.04,7.08,10,0.1,5.79
86,0.86,87.1,4,0.04,7.07,10,0.1,5.8
83,0.83,87.1,7,0.07,7.07,10,0.1,5.81
84,0.84,87.1,6,0.06,7.07,10,0.1,5.82
85,0.85,87.1,5,0.05,7.06,10,0.1,5.84
84,0.84,87.1,6,0.06,7.06,10,0.1,5.85
85,0.85,87.1,5,0.05,7.05,10,0.1,5.86
86,0.86,87.1,4,0.04,7.04,10,0.1,5.87
83,0.83,87.1,7,0.07,7.04,10,0.1,5.88
83,0.83,87.1,7,0.07,7.04,10,0.1,5.89
84,0.84,87.1,6,0.06,7.04,10,0.1,5.9
84,0.84,87,6,0.06,7.04,10,0.1,5.91
84,0.84,87,6,0.06,7.03,10,0.1,5.93
85,0.85,87,5,0.05,7.03,10,0.1,5.94
85,0.85,87,5,0.05,7.02,10,0.1,5.95
86,0.86,87,4,0.04,7.02,10,0.1,5.96
87,0.87,87,3,0.03,7.01,10,0.1,5.97
83,0.83,87,6,0.06,7,11,0.11,5.98
84,0.84,87,5,0.05,7,11,0.11,5.99
84,0.84,87,5,0.05,6.99,11,0.11,6.01
82,0.82,87,7,0.07,6.99,11,0.11,6.02
83,0.83,87,6,0.06,6.99,11,0.11,6.03
85,0.85,87,4,0.04,6.98,11,0.11,6.05
84,0.84,87,5,0.05,6.98,11,0.11,6.06
85,0.85,87,4,0.04,6.97,11,0.11,6.07
86,0.86,87,3,0.03,6.96,11,0.11,6.09
83,0.83,86.9,6,0.06,6.96,11,0.11,6.1
84,0.84,86.9,5,0.05,6.95,11,0.11,6.11
84,0.84,86.9,5,0.05,6.95,11,0.11,6.12
82,0.82,86.9,7,0.07,6.95,11,0.11,6.14
