100
2,5,13,18
3,9,17,19
0,16,17,18,34
1,4,5,13,16,19
3,5,14,17
0,3,4,14,34
7,10,12,13,15,55
6,8,9,11,12,13
7,9,10,11,12,13
1,7,8,11,12
6,8,30
7,8,9,27,29,44
6,7,8,9,27,32
0,3,6,7,8,44
6,7,8,9,27,32
6,16,17,24,44
2,3,15,20,24,33
1,2,4,20
0,2,22,24
1,3,14,20,74
16,17,19,23,35,70
23,42
18,23,97
20,21,22,33,35,36
15,16,18,34
33
29,31,32,42
11,12,28,31
27,29,30,52
11,26,28,53,54,79
10,49
26,27,44,48
12,26,42,43,44,47
16,23,24,25,34,47
2,5,14,24,33,42
20,23,36,37,38,42
23,35,37,45,50
35,36,38,40,45,46
35,37,39,45,50
38,45,50,59,70,83
37,45,46
46,47,69
21,26,32,34,35,47
26,47,55
11,13,15,31,32,48
36,37,38,39,40,46
37,40,41,45,50,51
32,33,41,42,43,51
31,44,49,51,52,55
30,48,52,53,54,62
36,38,39,46,59,71
46,47,48,56,57,58
28,48,49,56,66,79
4,29,49,65,77,87
29,49
6,43,48,56,64,86
51,52,55,63,64,65
51,62,63,66,68,74
51,59,60,61,62,69
39,50,58,60,70,71
58,59,69,71,72,73
58,69,75,76,83,95
49,57,58,92,94,95
56,57,85
55,56,65,66,76,86
53,56,64
52,57,64,67,76
66,75,86,94
57,69,74,95
41,58,60,61,68
20,39,59,80,81,99
50,59,60,99		
60,81,82,96,98,99
60,82,83,95,97,98
19,57,68,84,94,96
61,67
61,64,66,86,93
53,88,93
79,87
29,52,78,88,89,91
70,98
99,70,72,98,82
72,73,81
39,61,73,84,93,96
74,83
63
55,64,67,76
53,78,88,91,92,93
77,79,87,89,90,93
79,88
88,91
79,87,89,90,92,94
61,87,91
76,77,83,87,88
62,67,74,91,99
61,62,68,73
72,74,83,99
22,73
72,73,80,81
70,71,72,81,94,96